-11.9573619330 -11.8149552938 -13.2189929682 -12.4354992626
-12.0866212140 -11.8188802322 -13.0113563571 -11.5738162175
-11.7310809379 -12.0810935641 -12.8549274479 -11.7601582563
-10.7874263999 -10.8306133286 -10.0647223959 -10.8232050195
-12.2275414286 -12.8241162739 -11.6989878139 -11.5908628019
-11.7160750756 -10.1349307534 -11.5087283868 -11.6397377176
-11.6683323043 -11.4342844040 -11.2118093954 -11.5534092397
0.0000000000 0.0000000000 0.0000000000 0.0000000000
-11.9606408255 -12.5626450976 -11.0789024115 -12.3680946112
-12.3945839249 -9.7475726102 -10.9236109954 -11.2406629768
-11.4459442518 -10.7946455428 -9.8239452550 -11.6778264826
0.0000000000 0.0000000000 0.0000000000 0.0000000000
-10.5704039102 -11.4580810913 -10.2902914384 -9.5356413339
0.0000000000 0.0000000000 0.0000000000 0.0000000000
0.0000000000 0.0000000000 0.0000000000 0.0000000000
-8.3493151631 -9.9924636705 -10.0574868363 -8.9342052795
